38,5
38,4
38,6
38,1
38,3
0,513
0,512
0,511
36,2
0,510
37,2
35,2
0,509
0,508
0,507
0,506
0,505
0,504
0,503
0,502
0,501
0,500
0,499
0,498
0,497
36,5
36,4
0,496
36,1
36,3
0,495
0,494
0,493
0,492
37,5
37,4
37,1
37,3
0,491
0,490
0,474
33,2
32,2
33,5
32,4
33,4
33,1
33,3
32,1
32,3
40,2
0,273
0,270
61,35
3,2
10,252
10,34
10,184
10,158
10,132
10,148
10,254
10,2
9,6
9,4
9,2
9,3
8,6
8,5
8,12
8,4
8,16
8,2
8,3
0,430
40,6
40,5
40,4
40,3
40,1
35,3
35,1
29,3
29,1
20,3
20,2
20,1
19,3
19,2
19,1
14,4
12,3
12,2
12,1
11,30
11,29
11,28
11,27
11,26
11,25
11,24
11,23
11,22
11,21
11,20
11,19
11,18
11,17
11,16
11,15
11,14
11,13
11,12
11,11
11,10
11,9
11,8
11,7
11,6
